psnr_3d: 23.206262588500977
ssim_3d: 0.7113795280456543
ssim_3d_x: 0.7168861031532288
ssim_3d_y: 0.708548367023468
ssim_3d_z: 0.7087041139602661
