psnr_3d: 9.875762939453125
ssim_3d: 0.259667565425237
ssim_3d_x: 0.2573569715023041
ssim_3d_y: 0.26615095138549805
ssim_3d_z: 0.25549477338790894
