psnr_3d: 17.108016967773438
ssim_3d: 0.47063759962717694
ssim_3d_x: 0.4697548747062683
ssim_3d_y: 0.48113709688186646
ssim_3d_z: 0.461020827293396
