psnr_2d: 21.553241729736328
ssim_2d: 0.766833484172821
