psnr_3d: 13.258378982543945
ssim_3d: 0.3548485338687897
