psnr_2d: 20.237651824951172
ssim_2d: 0.7422874569892883
