psnr_3d: 12.327972412109375
ssim_3d: 0.3292589783668518
