psnr_3d: 13.860841751098633
ssim_3d: 0.3643702765305837
