psnr_2d: 21.582189559936523
ssim_2d: 0.7708176970481873
