psnr_3d: 21.353349685668945
ssim_3d: 0.6395212213198344
ssim_3d_x: 0.6305476427078247
ssim_3d_y: 0.6486843824386597
ssim_3d_z: 0.6393316388130188
