psnr_3d: 9.875762939453125
ssim_3d: 0.2596675157546997
ssim_3d_x: 0.2573569416999817
ssim_3d_y: 0.26615089178085327
ssim_3d_z: 0.25549471378326416
