psnr_3d: 23.014432907104492
ssim_3d: 0.7161845366160074
ssim_3d_x: 0.7218069434165955
ssim_3d_y: 0.7139694094657898
ssim_3d_z: 0.7127772569656372
