psnr_2d: 13.17394733428955
ssim_2d: 0.5481870770454407
