psnr_3d: 7.162932395935059
ssim_3d: 0.1336654374996821
