psnr_3d: 17.837589263916016
ssim_3d: 0.48487048347791034
ssim_3d_x: 0.4872908890247345
ssim_3d_y: 0.4900103807449341
ssim_3d_z: 0.4773101806640625
