psnr_3d: 12.665924072265625
ssim_3d: 0.44977832833925885
ssim_3d_x: 0.44377559423446655
ssim_3d_y: 0.46402400732040405
ssim_3d_z: 0.4415353834629059
