psnr_3d: 17.834327697753906
ssim_3d: 0.4868495563666026
ssim_3d_x: 0.4889046847820282
ssim_3d_y: 0.4925849437713623
ssim_3d_z: 0.47905904054641724
