psnr_3d: 6.358265399932861
ssim_3d: 0.17544329663117728
ssim_3d_x: 0.18134789168834686
ssim_3d_y: 0.177930548787117
ssim_3d_z: 0.16705144941806793
