psnr_2d: 19.103384017944336
ssim_2d: 0.7279188632965088
