psnr_3d: 11.353796005249023
ssim_3d: 0.3225732644399007
