psnr_3d: 21.507980346679688
ssim_3d: 0.6428322196006775
ssim_3d_x: 0.6339501738548279
ssim_3d_y: 0.6521803736686707
ssim_3d_z: 0.6423661112785339
