psnr_3d: 21.114931106567383
ssim_3d: 0.6321923534075419
ssim_3d_x: 0.623045027256012
ssim_3d_y: 0.640516996383667
ssim_3d_z: 0.6330150365829468
