psnr_3d: 15.123910903930664
ssim_3d: 0.38461286822954815
ssim_3d_x: 0.3762630522251129
ssim_3d_y: 0.3768902122974396
ssim_3d_z: 0.4006853401660919
