psnr_3d: 17.82600975036621
ssim_3d: 0.48702070116996765
ssim_3d_x: 0.48799681663513184
ssim_3d_y: 0.49311959743499756
ssim_3d_z: 0.47994568943977356
