psnr_3d: 22.79439926147461
ssim_3d: 0.672978937625885
ssim_3d_x: 0.6753718852996826
ssim_3d_y: 0.6655599474906921
ssim_3d_z: 0.6780049800872803
