psnr_3d: 9.87573528289795
ssim_3d: 0.2596653302510579
ssim_3d_x: 0.2573533058166504
ssim_3d_y: 0.2661481201648712
ssim_3d_z: 0.2554945647716522
