psnr_3d: 17.323116302490234
ssim_3d: 0.467593252658844
ssim_3d_x: 0.467325896024704
ssim_3d_y: 0.47724491357803345
ssim_3d_z: 0.45820894837379456
