psnr_3d: 22.902128219604492
ssim_3d: 0.688575009504954
ssim_3d_x: 0.6895830631256104
ssim_3d_y: 0.6812912821769714
ssim_3d_z: 0.6948506832122803
