psnr_3d: 17.197635650634766
ssim_3d: 0.47001026074091595
ssim_3d_x: 0.4696614742279053
ssim_3d_y: 0.4802165925502777
ssim_3d_z: 0.4601527154445648
