psnr_3d: 18.01886749267578
ssim_3d: 0.48865020275115967
ssim_3d_x: 0.4892348647117615
ssim_3d_y: 0.4944370985031128
ssim_3d_z: 0.48227864503860474
