psnr_3d: 23.17141342163086
ssim_3d: 0.7125108440717062
ssim_3d_x: 0.7181425094604492
ssim_3d_y: 0.7096549272537231
ssim_3d_z: 0.709735095500946
