psnr_2d: 20.799575805664062
ssim_2d: 0.7549682855606079
