psnr_3d: 12.64059829711914
ssim_3d: 0.3401431441307068
