psnr_3d: 23.063091278076172
ssim_3d: 0.7174295981725057
ssim_3d_x: 0.7232815027236938
ssim_3d_y: 0.714943528175354
ssim_3d_z: 0.7140637636184692
