psnr_3d: 17.14913558959961
ssim_3d: 0.47030551234881085
ssim_3d_x: 0.4699711501598358
ssim_3d_y: 0.48043614625930786
ssim_3d_z: 0.4605092406272888
