psnr_2d: 21.57122039794922
ssim_2d: 0.7654587030410767
