psnr_3d: 13.167401313781738
ssim_3d: 0.354429692029953
