psnr_3d: 6.358265399932861
ssim_3d: 0.1754432866970698
ssim_3d_x: 0.18134787678718567
ssim_3d_y: 0.1779305338859558
ssim_3d_z: 0.16705144941806793
