psnr_2d: 19.160655975341797
ssim_2d: 0.7252306342124939
