psnr_3d: 11.487491607666016
ssim_3d: 0.32143668333689374
