psnr_3d: 6.358266830444336
ssim_3d: 0.17544431487719217
ssim_3d_x: 0.18134833872318268
ssim_3d_y: 0.1779320389032364
ssim_3d_z: 0.16705256700515747
