psnr_3d: 17.218307495117188
ssim_3d: 0.46125565965970355
ssim_3d_x: 0.4618867039680481
ssim_3d_y: 0.4706345200538635
ssim_3d_z: 0.4512457549571991
