psnr_3d: 17.258560180664062
ssim_3d: 0.4681454102198283
ssim_3d_x: 0.46738559007644653
ssim_3d_y: 0.4780271649360657
ssim_3d_z: 0.45902347564697266
