psnr_3d: 17.152324676513672
ssim_3d: 0.46988268693288165
ssim_3d_x: 0.46898359060287476
ssim_3d_y: 0.4802928566932678
ssim_3d_z: 0.46037161350250244
