psnr_3d: 17.089794158935547
ssim_3d: 0.46496854225794476
ssim_3d_x: 0.4647960960865021
ssim_3d_y: 0.4751378893852234
ssim_3d_z: 0.45497164130210876
