psnr_3d: 19.040658950805664
ssim_3d: 0.5234402219454447
ssim_3d_x: 0.5177614688873291
ssim_3d_y: 0.5146145224571228
ssim_3d_z: 0.5379446744918823
