psnr_3d: 21.286277770996094
ssim_3d: 0.6437915762265524
ssim_3d_x: 0.6348000764846802
ssim_3d_y: 0.6529142260551453
ssim_3d_z: 0.6436604261398315
