psnr_3d: 22.76973533630371
ssim_3d: 0.6698591510454813
ssim_3d_x: 0.6723958849906921
ssim_3d_y: 0.6626275181770325
ssim_3d_z: 0.6745540499687195
