psnr_3d: -2.2819268703460693
ssim_3d: 0.05821892370780309
ssim_3d_x: 0.05778716132044792
ssim_3d_y: 0.05898202955722809
ssim_3d_z: 0.05788758024573326
