psnr_3d: 12.530245780944824
ssim_3d: 0.4666418532530467
ssim_3d_x: 0.46131983399391174
ssim_3d_y: 0.48044353723526
ssim_3d_z: 0.45816218852996826
