psnr_3d: 22.70410919189453
ssim_3d: 0.6628556052843729
ssim_3d_x: 0.6655890941619873
ssim_3d_y: 0.6554118990898132
ssim_3d_z: 0.6675658226013184
