psnr_3d: 12.928949356079102
ssim_3d: 0.46506468454996747
ssim_3d_x: 0.4566255211830139
ssim_3d_y: 0.48067498207092285
ssim_3d_z: 0.4578935503959656
