psnr_3d: 17.043720245361328
ssim_3d: 0.46419450640678406
ssim_3d_x: 0.46481338143348694
ssim_3d_y: 0.47457411885261536
ssim_3d_z: 0.4531960189342499
