psnr_3d: 12.710223197937012
ssim_3d: 0.4428682525952657
ssim_3d_x: 0.4364156126976013
ssim_3d_y: 0.4574238359928131
ssim_3d_z: 0.4347653090953827
