psnr_2d: 20.591197967529297
ssim_2d: 0.744027853012085
