psnr_3d: 12.465906143188477
ssim_3d: 0.33257773518562317
