psnr_3d: 17.079822540283203
ssim_3d: 0.4672200580437978
ssim_3d_x: 0.46740201115608215
ssim_3d_y: 0.47753357887268066
ssim_3d_z: 0.4567245841026306
