psnr_3d: 10.03431510925293
ssim_3d: 0.2639235158761342
ssim_3d_x: 0.2600065767765045
ssim_3d_y: 0.27254417538642883
ssim_3d_z: 0.25921979546546936
