psnr_3d: 11.031126976013184
ssim_3d: 0.1579746057589849
ssim_3d_x: 0.16339167952537537
ssim_3d_y: 0.1590600460767746
ssim_3d_z: 0.1514720916748047
