psnr_3d: 11.364241600036621
ssim_3d: 0.3247460126876831
