psnr_2d: 19.137550354003906
ssim_2d: 0.7252192497253418
