psnr_3d: 17.706514358520508
ssim_3d: 0.486459344625473
ssim_3d_x: 0.48670312762260437
ssim_3d_y: 0.493315726518631
ssim_3d_z: 0.4793591797351837
