psnr_3d: 18.07281494140625
ssim_3d: 0.4806109070777893
ssim_3d_x: 0.48271551728248596
ssim_3d_y: 0.4853484332561493
ssim_3d_z: 0.47376877069473267
