psnr_3d: 13.0665864944458
ssim_3d: 0.345736304918925
