psnr_2d: 20.623762130737305
ssim_2d: 0.7519201040267944
