psnr_3d: 23.061050415039062
ssim_3d: 0.7141830921173096
ssim_3d_x: 0.7196038365364075
ssim_3d_y: 0.7119565606117249
ssim_3d_z: 0.7109888792037964
