psnr_3d: 9.87573528289795
ssim_3d: 0.2596653203169505
ssim_3d_x: 0.2573533058166504
ssim_3d_y: 0.26614809036254883
ssim_3d_z: 0.2554945647716522
