psnr_3d: 19.555992126464844
ssim_3d: 0.373746653397878
ssim_3d_x: 0.379122793674469
ssim_3d_y: 0.3767419755458832
ssim_3d_z: 0.36537519097328186
