psnr_3d: 12.996334075927734
ssim_3d: 0.4606179893016815
ssim_3d_x: 0.4521162211894989
ssim_3d_y: 0.47595715522766113
ssim_3d_z: 0.4537805914878845
