psnr_3d: 22.860027313232422
ssim_3d: 0.6872070829073588
ssim_3d_x: 0.6877130270004272
ssim_3d_y: 0.6797409057617188
ssim_3d_z: 0.6941673159599304
