psnr_3d: 7.162935733795166
ssim_3d: 0.13366547723611197
