psnr_2d: 13.173949241638184
ssim_2d: 0.5481871366500854
