psnr_3d: 17.888790130615234
ssim_3d: 0.4829065501689911
ssim_3d_x: 0.4854530394077301
ssim_3d_y: 0.48790091276168823
ssim_3d_z: 0.47536569833755493
