psnr_3d: 20.98088836669922
ssim_3d: 0.6342657009760538
ssim_3d_x: 0.6250068545341492
ssim_3d_y: 0.6431203484535217
ssim_3d_z: 0.6346698999404907
