psnr_3d: 12.85610580444336
ssim_3d: 0.47612149516741437
ssim_3d_x: 0.4678291976451874
ssim_3d_y: 0.49260175228118896
ssim_3d_z: 0.4679335355758667
