psnr_3d: 14.253223419189453
ssim_3d: 0.3720918595790863
