psnr_2d: 22.044218063354492
ssim_2d: 0.7797108292579651
