psnr_3d: 6.358266830444336
ssim_3d: 0.17544429004192352
ssim_3d_x: 0.1813483089208603
ssim_3d_y: 0.1779320240020752
ssim_3d_z: 0.16705253720283508
