psnr_3d: 8.68271255493164
ssim_3d: 0.36758142709732056
ssim_3d_x: 0.3522034287452698
ssim_3d_y: 0.37226977944374084
ssim_3d_z: 0.37827107310295105
