psnr_3d: 18.06702423095703
ssim_3d: 0.4824454685052236
ssim_3d_x: 0.4843383729457855
ssim_3d_y: 0.4875167906284332
ssim_3d_z: 0.475481241941452
