psnr_3d: 15.225973129272461
ssim_3d: 0.44157055020332336
ssim_3d_x: 0.42558175325393677
ssim_3d_y: 0.45313113927841187
ssim_3d_z: 0.44599875807762146
