psnr_3d: 17.686058044433594
ssim_3d: 0.48763740062713623
ssim_3d_x: 0.4873061180114746
ssim_3d_y: 0.49469631910324097
ssim_3d_z: 0.4809097647666931
