psnr_3d: 22.85895347595215
ssim_3d: 0.6861794392267863
ssim_3d_x: 0.6866378784179688
ssim_3d_y: 0.678712010383606
ssim_3d_z: 0.6931884288787842
