psnr_3d: 17.905658721923828
ssim_3d: 0.4854304790496826
ssim_3d_x: 0.48746201395988464
ssim_3d_y: 0.49092191457748413
ssim_3d_z: 0.4779075086116791
