psnr_3d: 22.87071990966797
ssim_3d: 0.7183107535044352
ssim_3d_x: 0.7240630984306335
ssim_3d_y: 0.7166773080825806
ssim_3d_z: 0.7141918540000916
