psnr_3d: 21.192367553710938
ssim_3d: 0.6413610577583313
ssim_3d_x: 0.6323823928833008
ssim_3d_y: 0.6503979563713074
ssim_3d_z: 0.6413028240203857
