psnr_3d: 18.05658531188965
ssim_3d: 0.48795531193415326
ssim_3d_x: 0.48941609263420105
ssim_3d_y: 0.49316340684890747
ssim_3d_z: 0.4812864363193512
