psnr_3d: 17.06306266784668
ssim_3d: 0.4675759971141815
ssim_3d_x: 0.4674721658229828
ssim_3d_y: 0.4778755009174347
ssim_3d_z: 0.4573803246021271
