psnr_3d: 17.22723388671875
ssim_3d: 0.4608478645483653
ssim_3d_x: 0.4607246220111847
ssim_3d_y: 0.4701501727104187
ssim_3d_z: 0.45166879892349243
