psnr_2d: 20.920940399169922
ssim_2d: 0.7578179836273193
