psnr_3d: 12.807466506958008
ssim_3d: 0.34276846051216125
