psnr_3d: 17.804025650024414
ssim_3d: 0.4884275595347087
ssim_3d_x: 0.4884900152683258
ssim_3d_y: 0.4949529767036438
ssim_3d_z: 0.48183968663215637
